景区名称,城市,入度,出度,度数
IFS,IFS,132,117,249
重庆涪陵816工程景区,涪陵,2,1,3
自贡市艾叶古镇,自贡市,0,0,0
重庆黔江爱莉丝庄园,黔江,0,0,0
江油百年好合爱情谷旅游景区,绵阳市,0,0,0
重庆铜梁安居古城,铜梁,3,6,9
石棉县安顺场景区,雅安市,1,0,1
安顺廊桥,安顺廊桥,11,12,23
重庆荣昌安陶博物馆,荣昌,9,6,15
安岳石窟.卧佛院,资阳市,1,1,2
奥陶纪,奥陶纪,84,92,176
南部县八尔湖景区,南充市,0,0,0
达州市万源八台山旅游景区,达州市,0,0,0
龙华镇八仙山立佛,宜宾市,0,0,0
八一路好吃街,八一路好吃街,160,130,290
宣汉县巴山大峡谷旅游景区,达州市,0,0,0
重庆涪陵巴山夜雨休闲旅游区,涪陵,2,0,2
巴岳山,巴岳山,5,2,7
重庆黔江芭拉胡景区,黔江,4,5,9
重庆忠县白公祠文博景区,忠县,1,1,2
白公馆,白公馆,113,110,223
重庆白鹤梁水下博物馆景区,涪陵,12,11,23
白鹿音乐小镇,成都市,0,0,0
白鹿中法风情小镇,白鹿中法风情小镇,0,0,0
泸州市古蔺县双沙镇白马景区,泸州市,1,0,1
白坪一飞龙旅游区,广安市,0,0,0
重庆江津白沙老重庆影视基地,江津,1,1,2
白塔公园,白塔公园,0,0,0
百花潭,百花潭,16,11,27
斑竹林,成都市,0,0,0
重庆大足石刻景区,大足,56,68,124
成都市宝光桂湖文化旅游区,成都市,0,0,0
重庆渝北宝林博物馆,渝北,0,0,0
重庆磁器口古镇,沙坪坝,408,402,810
青城山—都江堰旅游景区,成都市,128,150,278
安岳县宝森农林旅游区,资阳市,0,0,0
宝山旅游区,成都市,6,8,14
宝兴县空石林景区,雅安市,0,0,0
武胜县宝箴塞,广安市,0,0,0
保和生态旅游度假区,资阳市,0,0,0
保宁醋文化博览园旅游景区,南充市,6,4,10
重庆保税体验旅游景区,江北,0,0,0
广元堡川矿记忆景区,雅安市,0,0,0
资阳乐至龙门报国寺,资阳市,0,0,0
北仓文创园,北仓文创园,15,10,25
北辰湖公园,广安市,0,0,0
北川羌城旅游区,绵阳市,1,1,2
南充市北湖公园,南充市,0,0,0
重庆北泉风景区,北碚,1,0,1
重庆贝迪颐园温泉度假区,九龙坡,0,0,0
碧峰峡旅游景区,雅安市,9,11,20
绵阳市安州区环湖碧荷园景区,绵阳市,0,0,0
绵阳市碧水蓝天旅游景区,绵阳市,0,0,0
碧瑶湾旅游景区,达州市,0,0,0
滨江路,滨江路,0,0,0
僰王山风景名胜区,宜宾市,0,0,0
南充市南部县布拉格景区,南充市,0,0,0
擦耳桃源旅游景区,南充市,0,0,0
中国彩灯博物馆,自贡市,1,2,3
中华彩灯大世界,自贡市,2,0,2
瑞福蚕桑乐园,达州市,0,0,0
雨城区藏茶世界景区,雅安市,0,0,0
曾家岩书院,曾家岩书院,6,6,12
四川邛崃茶兰景区,成都市,1,0,1
重庆永川茶山竹海旅游景区,永川,5,4,9
都江堰市茶溪谷旅游景区,成都市,1,1,2
昌州古城,昌州古城,7,8,15
来福士广场,来福士广场,339,341,680
朝天门长江大桥,朝天门长江大桥,11,9,20
仪陇县新政镇安溪潮乡村旅游景区,南充市,0,0,0
重庆江津陈独秀旧居陈列馆,江津,1,1,2
重庆市潼南区陈抟故里景区,潼南,2,2,4
资阳市陈毅故里景区,资阳市,0,0,0
涪城区晨曦森林度假村旅游景区,绵阳市,0,0,0
成都大熊猫繁育研究基地,成都市,108,101,209
成都欢乐谷,成都市,6,5,11
成都环球中心,成都环球中心,8,7,15
成都市建川博物馆聚落,成都市,6,4,10
成都鹪鹩人文精品酒店,成都鹪鹩人文精品酒店,30,20,50
成都锦城公园,成都锦城公园,0,0,0
成都玉林路,成都玉林路,2,2,4
成都战役纪念馆,成都市,0,0,0
成佳茶乡旅游景区,成都市,0,0,0
仁寿城市湿地公园,眉山市,1,0,1
南充市高坪橙乡烟山旅游景区,南充市,0,0,0
成都崇州街子古镇,成都市,0,0,0
崇州市博物馆,成都市,0,0,0
成都市川菜博物馆,成都市,4,3,7
中国川菜体验园景区,成都市,0,0,0
川剧院,川剧院,5,4,9
四川美术学院,四川美术学院,201,188,389
川西关口景区,德阳市,0,0,0
川西竹海景区,成都市,2,1,3
叙州区春风里景区,宜宾市,0,0,0
泸州叙永县春秋祠,泸州市,0,0,0
春熙路,春熙路,339,373,712
春驿花园景区,眉山市,0,0,0
成都市新津纯阳观景区,成都市,0,0,0
资阳市乐至县慈恩寺旅游景区,资阳市,0,0,0
东兴老街,内江市,0,0,0
翠屏区翠屏山景区,宜宾市,2,2,4
大川河旅游景区,雅安市,0,0,0
大慈寺,大慈寺,166,155,321
四川盆底-大地艺术景区,德阳市,0,0,0
重庆潼南大佛寺,潼南,4,3,7
重庆大韩民国临时政府旧址陈列馆,渝中,3,3,6
泸州市古蔺县大黑洞风景区,泸州市,0,0,0
重庆涪陵武陵山大裂谷景区,涪陵,8,4,12
天府新区大林镇翠湖梨乡,成都市,0,0,0
大洛水码头,大洛水码头,0,0,0
宜宾市大妙荷花景区,宜宾市,0,0,0
重庆涪陵大木花谷林下花园景区,涪陵,2,1,3
重庆万州大瀑布群旅游区,万州,1,0,1
内江大千园旅游景区,内江市,0,0,0
乐山市大千纸故里研学园,乐山市,0,0,0
南充市大深南海旅游景区,南充市,0,0,0
大熊猫月亮产房,大熊猫月亮产房,6,6,12
大雅文化旅游景区,眉山市,0,0,0
宜宾市高县大雁岭旅游景区,宜宾市,0,0,0
成都大悦城,成都市,2,1,3
大云山景区,广安市,0,0,0
成都市彭州丹景山旅游景区,成都市,3,1,4
丹棱?桃花源,眉山市,0,0,0
萃屏公园,广安市,0,0,0
重庆南岸长嘉汇弹子石老街,南岸,76,73,149
稻虾乐园景区,德阳市,0,0,0
稻香湾梦幻田园景区,眉山市,0,0,0
南充市仪陇县德园景区,南充市,0,0,0
蜂桶寨邓池沟景区,雅安市,0,0,0
邓小平故里旅游区,广安市,2,1,3
帝源生态农场,达州市,0,0,0
重庆巅峰乐园,重庆巅峰乐园,1,1,2
重庆合川钓鱼城景区,合川,10,14,24
沙湾区叠翠坪休闲度假中心,乐山市,0,0,0
龙苍沟叠翠溪景区,雅安市,2,2,4
蝶彩花卉景区,眉山市,0,0,0
乐山东方佛都旅游区,乐山市,9,8,17
逐宁市大英县东方生态博览园,遂宁市,0,0,0
乐山市夹江县东风堰-千佛岩景区,乐山市,2,3,5
东汉醪糟旅游景区,达州市,0,0,0
新繁东湖景区,成都市,4,4,8
东郊记忆,成都市,85,85,170
东拉山大峡谷,雅安市,0,0,0
南充市高坪区金凤山旅游景区,南充市,0,0,0
东坡区惠川景区,眉山市,0,0,0
东水门长江大桥,东水门长江大桥,86,83,169
重庆东温泉风景区,巴南,8,7,15
东西关钓鱼城,广安市,0,0,0
乐山市天工开物文化旅游景区,乐山市,0,0,0
泸州市江阳区董允坝伞乡景区,泸州市,0,0,0
重庆动物园,九龙坡,24,21,45
洞亭火锅,洞亭火锅,7,6,13
绵阳市江油窦圌山风景区,绵阳市,5,6,11
成都杜甫草堂博物馆,成都市,166,164,330
德阳段家大院子川西古民居园区,德阳市,0,0,0
达州市宣汉县峨城山旅游景区,达州市,0,0,0
华蓥山峨凤岭森林农庄,广安市,0,0,0
峨眉山风景名胜区,乐山市,73,75,148
峨山老窖景区,眉山市,0,0,0
重庆鹅岭公园,渝中,275,260,535
重庆市鳄鱼中心,渝北,0,0,0
内江市范长江文化旅游园区,内江市,0,0,0
梵高星空艺术馆,梵高星空艺术馆,11,6,17
芳邻路酒吧一条街,芳邻路酒吧一条街,1,1,2
重庆渝北放牛坪景区,渝北,1,1,2
绵阳北川飞鸿滑草场景区,绵阳市,2,2,4
飞仙关旅游景区,雅安市,0,0,0
开江县飞云温泉景区,达州市,0,0,0
国际非物质文化遗产博览园,成都市,0,0,0
重庆梁平百里竹海,梁平区,2,2,4
重庆丰都名山风景区,丰都,27,20,47
重庆巴南丰盛古镇,巴南,4,5,9
阆中古城,南充市,9,17,26
泸州市凤凰湖旅游景区,泸州市,2,3,5
重庆万州凤凰花果山景区,万州,0,0,0
马边凤鸣会步景区,乐山市,0,0,0
成都市武侯区天府芙蓉园景区,成都市,2,2,4
佛宝森林公园,泸州市,0,0,0
宜宾市长宁县佛来山旅游景区,宜宾市,0,0,0
成都佛罗伦萨小镇,成都市,0,0,0
佛山橘海.橘乐田园景区,资阳市,0,0,0
佛图关公园,佛图关公园,39,34,73
江北区福音堂,江北区福音堂,2,2,4
绵阳富乐山景区,绵阳市,0,1,1
大寨乡富民新村旅游景区,泸州市,0,0,0
富顺文庙·西湖景区,自贡市,0,0,0
甘海子,甘海子,0,0,0
高峰山景区,遂宁市,0,0,0
重庆綦江高庙坝生态旅游区,江津,0,0,0
高庙古镇,高庙古镇,0,0,0
翠屏区高桥竹村景区,宜宾市,0,0,0
重庆歌乐山烈士陵园,渝中,11,9,20
重庆歌乐山森林公园,沙坪坝,7,7,14
中国根书艺术馆,乐山市,0,0,0
龚滩,龚滩,0,0,0
龚滩古镇,龚滩古镇,0,0,0
贡院,贡院,0,0,0
贡院民俗广场,贡院民俗广场,0,0,0
古佛顶旅游景区,内江市,0,0,0
重庆万州古红桔主题公园,万州,0,0,0
重庆綦江古剑山风景区,綦江,3,9,12
重庆涪陵古今花海景区,涪陵,0,0,0
古郎景区,泸州市,0,0,0
隆昌县古宇湖旅游区,内江市,0,0,0
隆昌市古宇渔村景区,内江市,0,0,0
重庆关岳庙,重庆关岳庙,6,5,11
遂宁市中国观音故里旅游区,遂宁市,2,3,5
观音湖湿地公园旅游景区,遂宁市,6,2,8
重庆观音桥商圈都市旅游区,江北,138,124,262
达州市宣汉县观音山森林公园,达州市,0,0,0
重庆璧山观音塘湿地公园,璧山,0,0,0
重庆黔江官村景区,黔江,0,0,0
灌县古城,成都市,8,5,13
广汉房湖景区,德阳市,0,0,0
重庆市广益中学校园景区,南岸,1,1,2
重庆铜梁桂花博览园,铜梁,0,0,0
桂花湖景区,眉山市,0,0,0
桂园,桂园,43,40,83
重庆江津滚子坪景区,江津,0,0,0
乐山市郭沫若故居,乐山市,0,0,0
国际会议展览中心,国际会议展览中心,0,0,0
成都市祟州市天府国际慢城景区,成都市,0,0,0
国瑞皓峰景区,眉山市,0,0,0
成都国色天乡乐园,成都市,0,0,0
国泰艺术中心,国泰艺术中心,44,35,79
宜宾市果城花乡景区,宜宾市,0,0,0
峨边县哈曲解放彝寨,乐山市,0,0,0
成都市双流区海滨城景区,成都市,2,0,2
成都市海昌极地海洋世界景区,成都市,1,1,2
重庆海兰云天温泉度假区,九龙坡,3,0,3
重庆海石公园,沙坪坝,0,0,0
泸州欢乐派海滩公园,泸州市,0,0,0
重庆大足海棠香国历史文化风情城,大足,2,2,4
重庆开州汉丰湖景区,开州,0,0,0
重庆汉海海洋公园,巴南,10,10,20
汉姜古城旅游景区,雅安市,0,0,0
汉亭生态农业观光园,达州市,0,0,0
绵竹汉旺地震遗址公园,德阳市,0,0,0
汉阳湖景区,眉山市,0,0,0
雅安汉源体育公园,雅安市,0,0,0
好秾人有机农庄,成都市,0,0,0
荷和原乡,铜梁,1,2,3
世界荷花博览园,遂宁市,4,3,7
荷花谷旅游景区,内江市,0,0,0
重庆大足荷花山庄,大足,2,1,3
鹤鸣茶社,鹤鸣茶社,77,59,136
高坪区鹤鸣山旅游景区,南充市,0,1,1
黑龙滩旅游景区,眉山市,2,2,4
重庆万盛黑山谷景区,万盛,45,29,74
重庆江津黑石山风景区,江津,1,2,3
乐山市黑竹沟风景区,乐山市,2,0,2
峨边县黑竹沟底底古彝寨,乐山市,0,0,0
宜宾横江古镇景区,宜宾市,0,0,0
红仓?完美文创产业园,成都市,0,0,0
名山区红草坪景区,雅安市,0,0,0
绵阳市安州区红花源景区,绵阳市,0,0,0
天全县红军村景区,雅安市,0,0,0
涪陵四川红军第二路游击队烈士陵园,涪陵,0,0,0
万源市红军公园旅游景区,达州市,0,0,0
阖中市红军烈士纪念园,南充市,1,0,1
重庆綦江石壕红军烈士墓,綦江,6,4,10
重庆红岩革命纪念馆,渝中,10,12,22
红岩魂陈列馆,红岩魂陈列馆,12,10,22
宜宾高县胜天红岩山旅游景区,宜宾市,0,1,1
四川江安红岩柿子部落旅游景区,宜宾市,0,0,0
南部县升钟湖旅游景区,南充市,0,0,0
长宁县洪谟故里景区,宜宾市,0,0,0
重庆洪崖洞民俗风貌区,渝中,564,711,1275
鸿恩寺,鸿恩寺,8,7,15
翠屏区幸福?胡坝景区,宜宾市,0,0,0
重庆湖广会馆,渝中,89,80,169
安州区枣皮走廊·蝴蝶谷景区,绵阳市,2,1,3
重庆沙坪坝虎峰山景区,九龙坡,1,1,2
护国运动文化园区,泸州市,0,0,0
安州区花城果乡旅游景区,绵阳市,2,1,3
大竹县花房子景区,达州市,0,0,0
花海果乡旅游景区,雅安市,0,0,0
花好动物园生态观光动物园,南充市,0,0,0
中国花椒博览园,雅安市,0,0,0
花漫水乡景区,内江市,0,0,0
花熳天下景区,成都市,0,0,0
寿安花木编艺公园,成都市,0,0,0
重庆云阳县香盟花千谷景区,云阳,0,0,0
重庆南川花山公园,南川,0,0,0
成都市花水湾温泉度假旅游区,成都市,3,1,4
清溪谷花田酒地景区,泸州市,1,0,1
成都市花舞人间旅游景区,成都市,0,0,0
什邡市花坞.御景园景区,德阳市,0,0,0
天府花溪谷,成都市,0,0,0
金口河区花溪曙光旅游景区,乐山市,0,0,0
新都花香果居旅游景区,成都市,0,0,0
花香田园景区,自贡市,0,0,0
重庆华生园金色蛋糕梦幻王国景区,大渡口,24,23,47
重庆华岩旅游区,九龙坡,2,1,3
广安华蓥山旅游区,广安市,0,3,3
重庆梁平滑石古寨景区,梁平,2,2,4
浣花溪,浣花溪,54,41,95
皇冠大扶梯,皇冠大扶梯,133,129,262
市中区黄鹤湖旅游区,内江市,1,1,2
黄花园大桥,黄花园大桥,10,9,19
黄继光纪念馆,德阳市,0,0,0
黄荆老林,泸州市,0,0,0
邻水县黄桷树公园,广安市,0,0,0
黄桷湾立交桥,黄桷湾立交桥,7,5,12
成都市双流区黄龙溪旅游区,成都市,31,28,59
黄山蒋介石官邸,黄山蒋介石官邸,1,1,2
重庆江津会龙庄景区,江津,3,1,4
重庆会仙楼,重庆会仙楼,20,17,37
瑞鑫火箭湖旅游景区,自贡市,0,0,0
重庆际华园景区,渝北,2,1,3
继勋公园,遂宁市,0,0,0
重庆加勒比海水世界景区,南岸,2,1,3
嘉陵第一桑梓风景区,南充市,0,0,0
嘉陵江大桥,嘉陵江大桥,0,0,0
重庆渝中嘉西村—怡园景区,綦江,5,4,9
自贡市尖山风景区,自贡市,0,0,0
犍为文庙,乐山市,1,1,2
建川博物馆,建川博物馆,0,0,0
剑南老街,德阳市,1,0,1
重庆丰都江池横梁景区,丰都,0,0,0
绵阳市江油佛爷洞旅游景区,绵阳市,0,0,0
江油市中国酱文化博览园,绵阳市,1,1,2
重庆綦江教育博物馆,綦江,0,0,0
解放碑,解放碑,499,686,1185
重庆北碚金刀峡景区,北碚,1,1,2
重庆万盛金蝶湖文化公园景区,万盛,0,0,0
金凤山景区,雅安市,0,0,0
重庆南川金佛山景区,南川,24,31,55
金口河区大渡河金口大峡谷旅游景区,乐山市,2,3,5
金兰花谷,宜宾市,0,0,0
重庆铜梁金梅印象景区,铜梁,0,0,0
四川金盆地酒文化博览园,成都市,0,0,0
翠屏区金秋湖茶博园景区,宜宾市,0,0,0
金色清平景区,德阳市,0,0,0
成都金沙遗址博物馆,成都市,49,42,91
开江金山寺旅游景区,达州市,1,1,2
乐山金鹰山荘,乐山市,0,0,0
月亮湾.金钟山景区,雅安市,0,0,0
锦里,锦里,344,350,694
成都市锦门景区,成都市,0,1,1
锦屏山3A级景区,宜宾市,2,0,2
南充市营山县进士文化旅游景区,南充市,0,0,0
重庆缙云山景区,北碚,7,10,17
净音寺,净音寺,9,8,17
重庆北碚静观花木生态旅游区,北碚,0,0,0
重庆九龙坡九凤山景区,万州,2,2,4
九皇山,绵阳市,13,12,25
九街,九街,48,41,89
成都市虹口旅游景区,成都市,2,2,4
重庆万县“九五”惨案纪念馆,万州,0,0,0
九眼桥,九眼桥,165,143,308
重庆丰都九重天景区,丰都,4,1,5
九子山旅游景区,宜宾市,0,0,0
橘香小镇,宜宾市,0,0,0
仪陇县橘源旅游景区,南充市,0,0,0
宜宾市兴文县僰人巨石阵景区,宜宾市,0,0,0
华蓥市君兰天下生态文化园,广安市,0,0,0
重庆开州博物馆,开州,0,0,0
重庆垫江恺之峰旅游区,垫江,2,0,2
重庆沙坪坝抗战名人旧居,沙坪坝,0,0,0
重庆抗战遗址博物馆,南岸,8,6,14
高县可久红岩山旅游景区,宜宾市,0,0,0
自贡恐龙博物馆,自贡市,2,4,6
苦竹?天泉景区,宜宾市,2,0,2
宽窄巷子,成都市,395,450,845
奎星楼,奎星楼,54,52,106
魁星楼,魁星楼,41,38,79
夔门,夔门,0,0,0
雅安喇叭河森林公园,雅安市,0,1,1
重庆合川涞滩古镇,合川,10,8,18
兰桂坊,兰桂坊,26,22,48
重庆市南岸岚苑景区,南岸,0,0,0
蓝月谷,蓝月谷,0,0,0
阆中文庙,南充市,4,4,8
老北街,老北街,0,0,0
老峨山景区,眉山市,0,0,0
平武县老河沟景区,绵阳市,0,0,0
老君山,老君山,1,1,2
重庆綦江国家地质公园老瀛山景区,綦江,4,5,9
重庆乐和乐都景区,永川,3,4,7
乐山大佛景区,乐山市,73,85,158
乐山乌木文化博览苑,乐山乌木文化博览苑,0,0,0
乐天花谷,乐天花谷,0,0,0
乐贤半岛旅游区,内江市,0,0,0
雷畅故居景区,乐山市,0,0,0
南溪区雷公山景区,宜宾市,0,0,0
仪陇县黎明村旅游景区,南充市,0,0,0
重庆南川黎香湖湿地生态园,南川,0,0,0
绵阳市江油李白故居旅游景区,绵阳市,1,2,3
江油李白纪念馆景区,绵阳市,3,3,6
李冰文化旅游景区,德阳市,0,0,0
重庆垫江李花源景区,垫江,0,0,0
重庆涪陵李蔚如故里,涪陵,0,0,0
宜宾市李庄古镇,宜宾市,2,2,4
李子坝轻轨,李子坝轻轨,391,397,788
李子坝公园,李子坝公园,6,7,13
成都连二里市旅游景区,成都市,0,0,0
兴文县凉水湾景区,宜宾市,0,0,0
重庆中华梁平柚海,梁平,1,0,1
绵阳市梓潼县两弹城旅游景区,绵阳市,4,3,7
重庆两江国际影视城,渝北,14,19,33
雁江区临江寺?川味源文化旅游景区,资阳市 ,0,0,0
灵关石城旅游景区,雅安市,0,0,0
重庆北碚西山坪苓茏苑,北碚,0,0,0
南充市凌云山景区,南充市,2,1,3
岭上花开农业公园,德阳市,0,0,0
重庆开州刘伯承同志纪念馆,开州,0,0,0
刘氏庄园旅游区,成都市,6,7,13
宜宾市流杯池公园,宜宾市,1,1,2
重庆鎏嘉码头景区,江北,2,0,2
柳江古镇旅游景区,眉山市,0,1,1
宜宾市珙县龙茶花海景区,宜宾市,0,0,0
遂宁市龙凤景区,遂宁市,4,6,10
重庆云阳龙缸景区,云阳,10,7,17
龙浒峡漂流,龙浒峡漂流,3,10,13
龙洄酒庄,泸州市,0,0,0
芦山县龙门古镇旅游景区,雅安市,0,0,0
龙门浩老街,龙门浩老街,37,36,73
龙蟠溪,宜宾市,0,0,0
龙桥文化生态园,泸州市,0,1,1
成都市龙泉国际标榜旅游区,成都市,0,0,0
仪陇县龙神垭乡村旅游景区,南充市,0,0,0
名山区龙滩子景区,雅安市,0,0,0
达州万源市龙潭河旅游景区,达州市,0,0,0
重庆市龙头嘴森林公园,开州,0,0,0
重庆渝北龙兴古镇景区,渝北,5,4,9
内江市隆昌古湖景区,内江市,0,0,0
芦苇滩,芦苇滩,0,0,0
泸州方山旅游区,泸州市,0,0,0
泸州老窖旅游区,泸州市,3,2,5
泸州市博物馆,泸州市,0,0,0
鹿鸣茶海旅游景区,宜宾市,0,0,0
成都麓湖水城景区,成都市,14,13,27
绵竹市九龙山一麓棠山旅游区,德阳市,2,1,3
重庆璧山露德堂景区,璧山,0,0,0
罗城古镇,乐山市,4,2,6
绵阳市罗浮山景区,绵阳市,2,2,4
罗汉寺,罗汉寺,54,50,104
罗江白马关景区,德阳市,0,0,0
内江市资中县罗泉古镇旅游景区,内江市,0,0,0
罗瑞卿纪念馆旅游景区,南充市,0,0,0
罗中立美术馆,罗中立美术馆,38,32,70
重庆云阳县锣鼓宕风景区,云阳,0,0,0
裸伊谷景区,眉山市,0,0,0
洛带古镇,成都市,11,13,24
重庆江津骆騋山景区,江津,0,0,0
四川旅博天地,乐山市,0,0,0
重庆云阳绿岛景区,云阳,0,0,0
宣汉县马渡关石林旅游景区,达州市,0,0,0
重庆开州马扎营养生旅游区,开州,0,0,0
马祖故里景区,德阳市,0,0,0
马边县玛瑙苗寨旅游景区,乐山市,0,0,0
成都山玫瑰谷,达州市,1,1,2
玫瑰海,自贡市,2,3,5
美国驻成都总领事馆,美国驻成都总领事馆,1,1,2
重庆万州桐花湾美人谷景区,万州,0,0,0
休闲美食文化园,成都市,0,0,0
重庆美心红酒小镇景区3A,涪陵,3,3,6
名山区蒙顶酒庄景区,雅安市,0,0,0
雅安蒙顶山旅游景区,雅安市,3,4,7
蒙牛乳制品（眉山）工业旅游景区,眉山市,0,0,0
孟塘里乡情生态园,内江市,0,0,0
南湖梦幻岛,成都市,7,3,10
梦里水乡田园度假农场,泸州市,0,0,0
重庆万州弥陀禅院,万州,0,0,0
宣汉县米岩花海旅游景区,达州市,0,0,0
广安市蜜梨度假村旅游景区,广安市,0,0,0
绵阳市科技馆旅游景区,绵阳市,0,0,0
喵儿石创艺,喵儿石创艺,2,3,5
宣汉县庙安花果山旅游景区,达州市,0,0,0
森态源魔芋工业旅游景区,乐山市,0,0,0
世界茉莉博览园,乐山市,0,0,0
沫若戏剧文创园,乐山市,0,0,0
邻水县缪氏庄园,广安市,0,0,0
重庆垫江牡丹樱花世界景区,垫江,1,0,1
木府,木府,0,0,0
乐山市木鱼人家旅游景区,乐山市,0,0,0
沐川竹海,乐山市,0,0,0
奶牛梦工场,奶牛梦工场,1,1,2
南滨公园,南滨公园,6,5,11
重庆南滨路景区,南岸,113,104,217
重庆南川生态大观园,南川,0,0,0
重庆大渡口南海温泉中心,大渡口,0,0,0
南湖多彩植物园,南湖多彩植物园,7,4,11
南津关古镇,南津关古镇,6,3,9
南津关连峰楼,南津关连峰楼,0,0,0
南门楼,南门楼,0,0,0
南屏步行街,南屏步行街,0,0,0
重庆市南山风景区,南岸,222,196,418
重庆丰都南天湖景区,丰都,2,5,7
重庆南温泉风景区,巴南,12,11,23
南溪古街旅游景区,宜宾市,0,0,0
南溪区月亮湾,宜宾市,0,0,0
南溪区朱德旧居景区,宜宾市,0,0,0
重庆云阳泥溪农耕故土园景区,云阳,0,0,0
中国绵竹年画村景区,德阳市,0,2,2
重庆江津聂荣臻故居,江津,0,0,0
重庆聂荣臻元帅陈列馆,江津,0,1,1
魅力柠海景区,资阳市,0,0,0
牛佛古镇景区,自贡市,4,3,7
雅安市名山区牛碾坪景区,雅安市,1,2,3
农夫山泉峨眉山工业旅游区,乐山市,0,0,0
成都市郫县农科村,成都市,0,0,0
重庆铜梁西部农林大世界,铜梁,0,0,0
农民版画院,农民版画院,8,2,10
通川区磐石月湖旅游景区,达州市,0,0,0
盤飧市,盤飧市,0,0,0
中国泡菜城景区,眉山市,0,0,0
彭祖故里,眉山市,0,0,0
遂宁大英县蓬莱公园,遂宁市,0,0,0
重庆枇杷山,重庆枇杷山,26,19,45
重庆万州三峡平湖旅游区,万州,0,0,0
邛峡市平乐古镇,成都市,9,8,17
绵阳市平武报恩寺,绵阳市,1,2,3
重庆长寿菩提古镇文化旅游区,长寿,2,3,5
重庆长寿菩提山文化旅游区,长寿,1,1,2
蒲花暗河,蒲花暗河,8,5,13
遂宁市安居区七彩明珠景区,遂宁市,0,0,0
宜宾市长宁县七洞沟旅游景区,宜宾市,0,0,0
七里坝旅游景区,雅安市,0,0,0
七坪寨旅游景区,南充市,0,0,0
梓橦县七曲山风景区,绵阳市,4,5,9
重庆万州七星谷景区,万州,0,0,0
郪讲湿地公园,遂宁市,0,0,0
重庆铜梁黄桷门奇彩梦园,铜梁,5,5,10
重庆万州奇芳花谷景区,万州,0,0,0
重庆云阳县歧山草原景区,云阳,0,0,0
中国脐橙之乡风景旅游区,成都市,0,0,0
重庆綦江博物馆,綦江,7,9,16
千佛山,千佛山,0,0,0
安岳县千佛寨旅游景区,资阳市,0,0,0
营山县多彩千坵旅游景区,南充市,0,0,0
千厮门大桥,千厮门大桥,266,233,499
琴台故径,琴台故径,4,2,6
青羊宫,青羊宫,51,48,99
清代四川贡院,清代四川贡院,2,2,4
筠连清溪沟景区,宜宾市,0,0,0
达州市大竹县五峰山旅游景区,达州市,0,0,0
重庆江津清源宫景区,江津,0,0,0
中国酒村一邛酒文化风情旅游村落,成都市,0,0,0
重庆铜梁邱少云烈士纪念馆,铜梁,0,1,1
屈原故里,屈原故里,0,0,0
达州市渠县賨人谷旅游景区,达州市,0,0,0
渠县红色渠县纪念园旅游景区,达州市,0,0,0
渠县文庙景区,达州市,0,0,0
泉映梨花旅游景区,成都市,0,0,0
重庆人民大礼堂及人民广场,渝中,102,102,204
成都人民公园,成都人民公园,192,181,373
重庆人民英雄纪念碑,重庆人民英雄纪念碑,4,2,6
自贡市荣县大佛文化旅游区,自贡市,0,0,0
重庆融汇温泉小镇,沙坪坝,0,0,0
重庆璧山三担湖公园,璧山,0,0,0
西部最美水乡?三道堰旅游景区,成都市,0,0,0
三多古寨景区,自贡市,4,4,8
绵阳市越王楼?三江半岛景区,绵阳市,1,3,4
重庆铜梁三色乡下时光景区,铜梁,0,0,0
三圣花乡观光旅游区,成都市,4,2,6
三苏祠景区,眉山市,3,5,8
三索窝旅游景区,雅安市,0,0,0
重庆中国三峡博物馆,渝中,109,102,211
重庆云阳三峡梯城景区,云阳,2,2,4
重庆三峡移民纪念馆,万州,4,3,7
四川广汉三星堆博物馆,德阳市,25,26,51
重庆涪陵沙溪温泉,涪陵,0,0,0
沙子湾景区,眉山市,0,0,0
山城步道,山城步道,109,101,210
常生山水印象,宜宾市,0,0,0
山王坪,山王坪,9,4,13
重庆上邦温泉旅游区,九龙坡,0,0,0
雅安市雨城区上里古城,雅安市,0,0,0
上里古镇,上里古镇,2,2,4
遂宁市射洪市舍得酒文化旅游区,遂宁市,0,0,0
自贡市燊海井景区,自贡市,5,5,10
重庆市黔江神龟峡景区,黔江,2,2,4
通川区神剑园旅游景区,达州市,0,0,0
神龙山巴人石头城,广安市,2,0,2
硗碛藏寨·神木垒景区,雅安市,0,0,0
江湾神木园,眉山市,0,0,0
泸州市叙永县中国沈酒庄景区,泸州市,0,0,0
沈子国酒庄景区,泸州市,0,0,0
乐山市峨眉山大佛禅院佛教文化旅游区,乐山市,0,0,0
圣寿寺,圣寿寺,4,4,8
宣汉县圣水桃园旅游景区,达州市,0,0,0
重庆开州盛山植物园,开州,0,0,0
狮子生态农业景区,眉山市,0,0,0
十八梯,十八梯,73,72,145
内江市威远县石板河旅游区,内江市,0,0,0
珙县石板溪娃娃鱼生态园,宜宾市,2,1,3
重庆忠县石宝寨,忠县,13,11,24
兴文石海洞乡旅游区,宜宾市,0,0,0
石井坡,石井坡,21,16,37
兴文石菊古地旅游景区,宜宾市,0,0,0
重庆江津石门大佛景区,江津,1,0,1
内江市隆昌县石牌坊旅游区,内江市,2,0,2
重庆万州石桥乡湿地公园,万州,0,0,0
重庆石笋山景区,江津,2,2,4
石象湖景区,成都市,0,0,0
史迪威博物馆,史迪威博物馆,4,4,8
世界樟海-长滩樟林景区,宜宾市,0,0,0
中国香山?寿香谷,德阳市,0,0,0
寿星谷景区,眉山市,0,0,0
重庆万州同鑫蔬菜大观园,万州,0,0,0
蜀国鹃都景区,成都市,0,0,0
蜀酒文化园区,成都市,1,1,2
蜀南花海,宜宾市,0,0,0
宜宾市蜀南竹海风景名胜区,宜宾市,6,9,15
高县蜀山茶海景区,宜宾市,0,0,0
重庆梁平双桂堂,梁平,2,1,3
重庆潼南双江古镇景区,潼南,4,3,7
重庆双龙湖,重庆双龙湖,6,4,10
西充县双龙桥中国有机生态循环第一村,南充市,0,0,0
重庆黔江水车坪景区,黔江,0,0,0
兴文县水泸坝景区,宜宾市,0,0,0
金口河区水墨顺河旅游景区,乐山市,0,0,0
中国绸都丝绸博物馆,南充市,0,0,0
遂宁市中国死海旅游度假区,遂宁市,2,4,6
四川博物院,四川博物院,29,32,61
四川大学,四川大学,42,39,81
四川美术馆,四川美术学院,9,7,16
四川省图书馆,四川省图书馆,9,9,18
重庆云阳县四方井公园景区,云阳,1,1,2
乐至县四季果乡景区,资阳市,0,0,0
宜宾市屏山县四季果园景区,宜宾市,0,0,0
五月玫瑰四季庭苑,成都市,0,0,0
重庆江津四面山景区,江津,5,11,16
南充南部县寺外桃源旅游景区,南充市,0,0,0
重庆永川松溉古镇,永川,1,1,2
成都松鼠部落森林假日公园,成都市,0,0,0
重庆宋庆龄旧居陈列馆,渝中,19,18,37
苏家坝立交桥,苏家坝立交桥,4,3,7
乐山市犍为县嘉阳.桫椤湖景区,乐山市,5,2,7
塔子山,塔子山,3,3,6
太安石林,宜宾市,0,0,0
重庆江津太公山景区,江津,0,0,0
成都远洋太古里,成都远洋太古里,306,314,620
大竹县玉带河太极岛,达州市,0,0,0
太平古镇景区,泸州市,0,0,0
重庆江津塘河古镇,沙坪坝,1,1,2
成都市桃花故里旅游景区,成都市,1,1,2
松林桃花山风景区,德阳市,0,0,0
西充县桃文化博览园,南充市,0,0,0
桃源山居旅游景区,乐山市,0,0,0
特园,特园,19,18,37
幺麻子藤椒文化旅游景区,眉山市,0,0,0
天池公园景区,宜宾市,1,1,2
天池山景区,眉山市,0,0,0
重庆天赐温泉生态旅游景区,九龙坡,1,1,2
重庆天地旅游区,渝中,0,0,0
夹江天福观光茶园,乐山市,0,0,0
天府橙都,眉山市,0,0,0
天府广场,天府广场,110,117,227
天府微博村,成都市,0,0,0
简阳东来桃源景区,成都市,0,0,0
阆中天宫院风水文化景区,南充市,3,2,5
重庆巴南天坪山云林天乡景区,巴南,1,1,2
天台山风景名胜区,成都市,1,3,4
泸州天仙硐,泸州市,0,0,0
重庆开州紫海云天香草园,开州,0,0,0
重庆开州天心桥景区,开州,0,0,0
天艺浓园艺术博览园,成都市,0,0,0
天意谷景区,广安市,1,1,2
铁路四村,铁路四村,21,20,41
重庆铁山坪森林公园,江北,2,4,6
通远门城墙遗址,通远门城墙遗址,2,2,4
铜锣山旅游区,广安市,0,0,0
三台县潼川古城景区,绵阳市,0,0,0
重庆统景温泉风景区,渝北,5,4,9
筒子楼,筒子楼,34,27,61
重庆黔江土家十三寨,黔江,1,1,2
瓦屋山景区,眉山市,3,3,6
万花谷景区,内江市,0,0,0
重庆荣昌万灵古镇,荣昌,7,19,26
重庆万盛科技馆,万盛,0,0,0
望丛祠,成都市,1,2,3
望乡台,望乡台,0,0,0
绵阳市北川维斯特农业休闲旅游区,绵阳市,0,0,0
成都市龙泉驿区蔚然花海景区,成都市,1,0,1
重庆合川文峰街,合川,0,0,0
达州市渠县文峰山文化旅游景区,达州市,0,0,0
文庙,文庙,0,0,0
文殊院,文殊院,146,131,277
高县文武荷田景区,宜宾市,0,0,0
达州市达川区乌梅山旅游景区,达州市,0,0,0
泸州乌木水寨,泸州市,0,0,0
乐山市乌木文化博览苑,乐山市,0,0,0
威远县世界无花果博览园旅游景区,内江市,0,0,0
五彩荷园景区,自贡市,0,0,0
五彩林乡,资阳市,0,0,0
金口河区五彩天池旅游景区,乐山市,0,0,0
五凤溪景区,成都市,1,0,1
五华山旅游区,广安市,0,0,0
重庆大足五金博物馆,大足,0,0,0
五块石街道,五块石街道,0,0,0
五粮液旅游景区,宜宾市,6,8,14
阊中市天林乡五龙度假区,南充市,1,1,2
成都武侯祠博物馆,成都市,268,277,545
重庆涪陵武陵山国家森林公园,涪陵,5,10,15
武陵山乡,武陵山乡,0,0,0
夕佳山民居,宜宾市,0,0,0
西湖公园,西湖公园,0,0,0
成都市西岭雪山景区,成都市,21,23,44
西流沱小镇,西流沱小镇,5,11,16
西南航空文化旅游景区,成都市,0,0,0
西秦会馆,西秦会馆,0,0,0
南充市西山风景区,南充市,0,0,0
重庆万州西山公园,万州,0,1,1
重庆万州西游洞,铜梁,0,0,0
南充营山县西月湖公园,南充市,0,0,0
犀牛山庄,眉山市,0,0,0
下浩老街,下浩老街,24,24,48
重庆荣昌夏布小镇景区,荣昌,16,6,22
夏河溪景区,成都市,0,0,0
重庆垫江仙草园中医文化旅游区,垫江,0,0,0
绵阳市仙海旅游景区,绵阳市,6,2,8
重庆开州温泉仙女洞,开州,1,0,1
仙市古镇旅游景区,自贡市,0,0,0
五渡先锋新寨景区,乐山市,0,0,0
鲜花山谷,成都市,1,1,2
香槟广场,香槟广场,0,0,0
凤垚香谷水世界,宜宾市,0,0,0
重庆永川香海温泉旅游度假区,永川,0,0,0
达州市宣汉县香炉山旅游景区,达州市,0,0,0
响水六坊景区,眉山市,0,0,0
玉林路小酒馆,玉林路小酒馆,93,96,189
重庆黔江小南海旅游景区,黔江,6,5,11
小青龙河旅游景区,内江市,0,0,0
孝泉镇,孝泉镇,0,0,0
广安市肖溪古镇,广安市,0,0,0
蟹螺堡子,雅安市,0,0,0
新场古镇,成都市,0,0,0
成都市新华公园,成都市,0,0,0
青白江区客家杏花村旅游景区,成都市,2,0,2
幸福公社,宜宾市,0,0,0
安州区幸福七里旅游景区,绵阳市,0,0,0
幸福田园,成都市,0,0,0
熊猫古城景区,雅安市,0,0,0
秀岭春天景区,达州市,0,0,0
重庆铜梁玄天湖景区,铜梁,4,3,7
雅安雪山新村景区,雅安市,0,0,0
重庆丰都雪玉洞景区,丰都,7,5,12
南充市蓬安县血村,南充市,0,0,0
寻龙山景区,绵阳市,2,3,5
雅女湖有机农庄,眉山市,3,1,4
马边县烟峰彝家新寨旅游景区,乐山市,0,0,0
严道古城景区,雅安市,0,0,0
自贡盐业历史博物馆,自贡市,1,2,3
崇州市罨画池,成都市,2,1,3
重庆巴南羊鹿山景区,巴南,2,3,5
重庆潼南杨闇公故里景区,潼南,1,1,2
杨家坪步行街,杨家坪步行街,6,8,14
达州市宣汉县洋烈水乡景区,达州市,0,0,0
洋人街,洋人街,16,14,30
尧坝古镇,泸州市,0,1,1
绵阳市北川药王谷旅游景区,绵阳市,3,1,4
重庆药用植物园,南川,0,0,0
夜啤酒长廊,夜啤酒长廊,1,1,2
成都伊利乳业园旅游景区,成都市,0,0,0
壹华里,壹华里,21,15,36
梓潼县文昌艺术部落,绵阳市,0,0,0
广汉市易家河坝乡村旅游区,德阳市,0,0,0
四川易园园林艺术博物馆,成都市,0,0,0
银城花海,广安市,0,0,0
邻水县银鼎山公园,广安市,0,0,0
重庆渝北印盒李花生态旅游区,渝北,1,0,1
绵阳市平武印象梅林景区,绵阳市,0,0,0
眉山樱花博览园,眉山市,0,0,0
成都蒲江樱桃山旅游景区,成都市,0,0,0
重庆云阳映山红公园,云阳,0,0,0
重庆映像金阳历史风貌区,南岸,0,0,0
重庆永川桃花源旅游度假区,永川,0,0,0
重庆南川永隆山森林公园,南川,0,0,0
重庆合川友缘山庄,合川,0,0,0
西充县中国有机生活公园旅游景区,南充市,0,0,0
余泽鸿故居,宜宾市,0,0,0
南部县禹迹山风景区,南充市,0,0,0
玉蟾山景区,泸州市,1,0,1
玉皇养生谷,成都市,0,0,0
绵阳市盐亭县玉龙山旅游景区,绵阳市,0,0,0
自贡市玉章故里景区,自贡市,0,0,0
御翠草堂,成都市,0,0,0
成都市崇州元通古镇景区,成都市,3,2,5
重庆园博园,渝北,16,11,27
资阳市安岳石刻?圆觉洞景区,资阳市,1,1,2
圆觉洞摩崖造像,圆觉洞摩崖造像,0,0,0
辕门仙草谷,乐山市,0,0,0
重庆云阳月光草坪景区,云阳,0,0,0
雅安市名山区月亮湖景区,雅安市,1,0,1
岳池县岳池农家生态文化旅游区,广安市,0,0,0
岳池县乡愁园景区,广安市,0,0,0
悦缘花谷景区,资阳市,0,0,0
云端之眼观景台,云端之眼观景台,1,1,2
大竹县云峰茶谷旅游景区,达州市,0,0,0
荥经县云峰山景区,雅安市,0,0,0
云溪温泉,泸州市,0,0,0
重庆巴南云篆山,巴南,10,8,18
重庆云阳县枣康源景区,云阳,0,0,0
渣滓洞,渣滓洞,120,120,240
寨山坪,寨山坪,1,1,2
战旗村景区,成都市,0,0,0
泸州市张坝桂圆林旅游景区,泸州市,0,0,0
重庆云阳张飞庙,云阳,8,7,15
张澜故里旅游区,南充市,0,0,0
张澜纪念馆旅游景区,南充市,0,0,0
长江大桥,长江大桥,0,0,0
南溪区长江第一湾景区,宜宾市,0,0,0
重庆长江索道景区,渝中,366,369,735
江安县长江竹岛景区,宜宾市,0,0,0
长寿古镇,长寿古镇,3,2,5
重庆长寿湖旅游区,长寿,2,1,3
翠屏区赵一曼故居景区,宜宾市,0,0,0
达州市真佛山景区,达州市,0,0,0
广安市岳池县中富农庄风景区,广安市,0,0,0
重庆中国民主党派历史陈列馆景区,渝中,11,9,20
遂宁市中华侏罗纪探秘旅游区,遂宁市,2,2,4
中里新村,雅安市,0,0,0
重庆江津中山古镇,江津,9,3,12
中山四路,中山四路,66,71,137
重庆巴南中泰天心佛文化旅游区,巴南,0,0,0
中兴路旧货交易,中兴路旧货交易,3,3,6
中岩景区,眉山市,0,0,0
内江资中重龙山,内江市,0,0,0
重庆白象街,重庆白象街,13,12,25
重庆大剧院,重庆大剧院,54,47,101
重庆大学,重庆大学,19,13,32
重庆当代美术馆,重庆当代美术馆,7,6,13
重庆欢乐谷景区,渝北,4,4,8
重庆建川博物馆,九龙坡,6,6,12
重庆交通茶馆,重庆交通茶馆,9,8,17
重庆科技馆,江北,12,11,23
重庆美术馆,重庆美术馆,33,30,63
重庆黔江濯水古镇,黔江,9,11,20
重庆市规划展览馆,渝中,2,2,4
周公馆,周公馆,47,43,90
雅安周公山森林公园,雅安市,1,0,1
重庆周君记火锅食品工业旅游体验园,九龙坡,0,0,0
朱德故里景区,南充市,0,0,0
泸州市况场朱德旧居陈列馆,泸州市,0,0,0
仪陇县朱德铜像纪念园,南充市,0,0,0
长宁县竹海酒庄,宜宾市,0,0,0
重庆渝北竹林公园,渝北,0,0,0
西部竹石林景区,宜宾市,0,0,0
邛峡竹溪湖生态旅游景区,成都市,0,0,0
国际竹艺城景区,眉山市,0,0,0
成都市崇州市竹艺村景区,成都市,2,2,4
状元洞,状元洞,0,0,0
卓简井遗址公园,遂宁市,0,0,0
子昂故里文化旅游区,遂宁市,2,2,4
三台县梓州杜甫草堂景区,绵阳市,0,0,0
紫坪铺水库,紫坪铺水库,0,1,1
紫石关村旅游景区,雅安市,0,0,0
重庆自然博物馆,北碚,7,5,12
醉湖,醉湖,0,0,0
醉美橙香旅游景区,南充市,0,0,0
醉氧天街,乐山市,0,0,0
遵义会议会址,遵义会议会址,0,0,0
昭化文庙,昭化文庙,0,0,0
绵阳市千佛山,绵阳市千佛山,0,1,1
安仁古镇,安仁古镇,0,1,1
成都蜀锦织绣博物馆,成都蜀锦织绣博物馆,1,1,2
昌州故里,昌州故里,0,1,1
江津西湖镇,江津西湖镇,0,1,1
重庆市博物馆,重庆市博物馆,0,0,0
方所书店,方所书店,1,1,2
成都博物馆,成都博物馆,2,0,2
烽烟三国,烽烟三国,1,0,1
